37.3396 0.000281487 0.999719 0 0.999567
37.3396 0.000281487 0.999719 0 0.999567
55.3737 0.000281795 0.999718 0 0.999567
61.1473 0.000302975 0.999697 0 0.999528
65.4704 0.00065503 0.999345 0 0.996053
145.758 0.000834288 0.999166 0 0.99512
153.956 0.000836866 0.999163 0 0.995116
301.639 0.00105802 0.998942 0 0.993934
419.637 0.00108777 0.998912 0 0.993603
572.192 0.00111797 0.998882 0 0.993354
651.081 0.00116575 0.998834 0 0.993319
678.755 0.00123102 0.998769 0 0.992125
836.226 0.00144931 0.998551 0 0.99154
843.811 0.00149783 0.998502 0 0.991007
853.848 0.00167283 0.998327 0 0.990852
922.61 0.00169889 0.998301 0 0.990783
930.755 0.00194717 0.998053 0 0.989065
982.992 0.00234982 0.99765 0 0.988283
982.992 0.00310628 0.996894 0 0.987728
1462.85 0.00441146 0.995589 0 0.985343
2931.84 0.00710606 0.992894 0 0.972832
4390.66 0.0135728 0.986427 0 0.954325
6171.08 0.0437372 0.956263 0 0.827805
6507.87 0.0501391 0.949861 0 0.77895
7464.93 0.100084 0.899916 0 0.574283
7677.7 0.15029 0.84971 0 0.453959
7723.13 0.200085 0.799915 0.00243789 0.418689
7925.27 0.250009 0.749991 0.00466109 0.28064
7953.87 0.300282 0.699718 0.00808734 0.200421
8281.74 0.350062 0.649938 0.0139313 0.126203
8396.51 0.400144 0.599856 0.0203678 0.0806551
8401.6 0.414474 0.585526 0.0203689 0.0800937
8586.93 0.450054 0.549946 0.0330994 0.0644514
8797.51 0.500108 0.499892 0.0505512 0.0481097
9187.23 0.55031 0.44969 0.0778607 0.0359343
9462.58 0.6001 0.3999 0.123638 0.0169554
9785.97 0.650441 0.349559 0.166678 0.01006
10347.6 0.700367 0.299633 0.266763 0.0056311
10889.4 0.750101 0.249899 0.363963 0.00346681
11077.5 0.761919 0.238081 0.381067 0.00293439
11737.1 0.800011 0.199989 0.491254 0.00181136
13057.8 0.850006 0.149994 0.628727 0.00094823
14292.7 0.884363 0.115637 0.736875 0.00056347
15021.9 0.900028 0.0999722 0.779641 0.000433216
18149.7 0.943087 0.056913 0.895608 0.000172071
19053.8 0.950038 0.0499617 0.910857 0.00013055
22833.8 0.968895 0.031105 0.954262 5.55701e-05
28373.7 0.982138 0.0178622 0.977572 1.95889e-05
35044.1 0.988863 0.0111374 0.986949 6.81825e-06
43089.2 0.992746 0.00725403 0.991642 2.48578e-06
52646.4 0.995205 0.00479523 0.99451 1.02933e-06
64210.2 0.996812 0.00318837 0.996363 4.02092e-07
78019.3 0.997863 0.00213718 0.997552 1.80576e-07
200000 0.99957 0.00043026 0.999629 4.1763e-09

50.1427 0.134691 0.865309 0.000821901 0.854624
50.1427 0.134691 0.865309 0.000821901 0.854624
55.0407 0.13493 0.86507 0.000821901 0.85422
55.0407 0.13493 0.86507 0.000821901 0.85422
59.3675 0.135137 0.864863 0.000821901 0.853928
59.3675 0.135137 0.864863 0.000821901 0.853928
60.6374 0.135173 0.864827 0.000821901 0.853853
71.4278 0.137001 0.862999 0.000821901 0.853206
91.1439 0.13704 0.86296 0.000823225 0.852994
383.629 0.137853 0.862147 0.000827238 0.852248
393.167 0.138027 0.861973 0.000827394 0.851715
394.897 0.138143 0.861857 0.000827413 0.850842
504.872 0.138334 0.861666 0.000829193 0.850652
505.986 0.138679 0.861321 0.000829576 0.846602
510.713 0.140029 0.859971 0.000830522 0.842376
568.175 0.140279 0.859721 0.000831348 0.841251
570.023 0.140464 0.859536 0.000831423 0.840906
584.93 0.140506 0.859494 0.000831621 0.84024
695.756 0.140835 0.859165 0.000833079 0.839683
819.618 0.141366 0.858634 0.000834631 0.839348
823.848 0.141461 0.858539 0.000834683 0.8392
1475.7 0.147547 0.852453 0.000843465 0.80852
1606.64 0.150233 0.849767 0.000847943 0.794202
2754.45 0.182061 0.817939 0.00120792 0.698631
3209.7 0.200079 0.799921 0.00132478 0.612613
4160.88 0.250137 0.749863 0.00174083 0.468622
4304.32 0.25585 0.74415 0.00183997 0.448262
4970.63 0.300034 0.699966 0.00219441 0.354111
5542.21 0.350145 0.649855 0.00329544 0.245452
6125.88 0.400091 0.599909 0.0054217 0.152071
6167.8 0.402858 0.597142 0.00543374 0.148319
6569.75 0.450354 0.549646 0.0101622 0.110173
7042.75 0.50004 0.49996 0.0161412 0.0669895
7555.89 0.550281 0.449719 0.0291843 0.0262486
8098.69 0.600009 0.399991 0.0595676 0.0118191
8397.6 0.627395 0.372605 0.0780744 0.005886
8656.49 0.650082 0.349918 0.0875946 0.00269721
9252.02 0.70005 0.29995 0.140604 0.000295008
9894.75 0.750086 0.249914 0.21806 5.16495e-05
10696.3 0.800026 0.199974 0.33881 1.75358e-05
11077.1 0.819193 0.180807 0.393558 0
11824.2 0.85003 0.14997 0.486626 2.27329e-16
13395.4 0.900013 0.0999867 0.658252 7.02001e-18
14291.4 0.918174 0.0818261 0.730842 0
16409.2 0.950002 0.0499975 0.849941 0
18151.6 0.966885 0.0331148 0.910937 0
22784.2 0.98645 0.0135497 0.971146 9.62043e-20
28343.8 0.994046 0.00595372 0.991081 0
35070.8 0.997099 0.00290128 0.996348 1.04104e-20
43050.7 0.998311 0.00168888 0.998047 0
52741 0.999026 0.000974135 0.998947 0
64128.4 0.999446 0.000554019 0.999378 0
78078.2 0.999707 0.000293135 0.999622 0
94550.9 0.999815 0.000185155 0.999754 0
114623 0.999878 0.00012219 0.999838 0
142433 0.999923 7.74561e-05 0.999898 0
167125 0.999945 5.54406e-05 0.999927 0


