125.224 6.92454e-05 0.999931 0 0.9974
125.224 6.92454e-05 0.999931 0 0.9974
395.285 0.000708971 0.999291 0 0.9974
740.511 0.0009468 0.999053 0 0.994415
1102.31 0.00236189 0.997638 0 0.993929
1152.26 0.00355549 0.996445 0 0.993929
1152.26 0.00618934 0.993811 0 0.993928
1204.14 0.00676828 0.993232 0 0.977182
1374.28 0.00707744 0.992923 0 0.970279
1925.51 0.00717685 0.992823 0 0.969981
2085.59 0.00732254 0.992677 0 0.96995
2174.48 0.00834585 0.991654 0 0.969772
2236.67 0.0088082 0.991192 0 0.969765
2496.21 0.0089913 0.991009 0 0.969751
2803.58 0.00920445 0.990796 0 0.969736
2878.27 0.00933227 0.990668 0 0.969733
3269.23 0.00947365 0.990526 0 0.969723
3269.23 0.00993466 0.990065 0 0.969723
3361.54 0.0104055 0.989595 0 0.967923
3443.85 0.0104194 0.989581 0 0.967817
3566.02 0.010577 0.989423 0 0.96766
4318.85 0.0147792 0.985221 0 0.918824
6332.88 0.0282377 0.971762 0 0.914248
7635.7 0.0507769 0.949223 0 0.897471
8431.99 0.0588076 0.941192 0 0.852653
9779.31 0.100111 0.899889 0 0.370944
10908.7 0.150429 0.849571 0 0.224777
11088.9 0.152304 0.847696 0 0.219949
13379.9 0.200025 0.799975 0 0.064221
14378 0.249504 0.750496 0 0.0470593
14401.4 0.250305 0.749695 0 0.0468413
16537 0.301015 0.698985 0 0.0270041
16571.9 0.35184 0.64816 0 0.0255761
16571.9 0.400978 0.599022 0 0.0241392
16571.9 0.450181 0.549819 0 0.0036366
16571.9 0.500805 0.499195 0.00202219 0.00280849
16571.9 0.550012 0.449988 0.00202238 0.00279363
17251.6 0.600019 0.399981 0.00258948 0.00155319
18159.2 0.639064 0.360936 0.0491682 0.000435172
18299.7 0.650006 0.349994 0.0491977 0.000423347
19616.2 0.701093 0.298907 0.280754 0.000322857
21183.8 0.75398 0.24602 0.613941 0.000190614
22813 0.781663 0.218337 0.68836 7.48021e-05
24390.9 0.800014 0.199986 0.730993 5.61032e-05
28353.9 0.822632 0.177368 0.819242 2.91416e-05
35148.7 0.843535 0.156465 0.872005 1.21327e-05
36165 0.850089 0.149911 0.878459 1.07491e-05
43226.3 0.871858 0.128142 0.951353 4.37671e-06
52627.7 0.887381 0.112619 0.968007 1.60244e-07
60107.5 0.900244 0.0997558 0.976458 9.41785e-08
64812.8 0.918361 0.0816386 0.98487 6.96414e-08
78225.1 0.926743 0.0732569 0.99182 0
200000 0.930538 0.0694618 0.999094 6.46551e-21

112.165 0.149842 0.850158 1.82679e-15 0.861498
112.165 0.149842 0.850158 1.82679e-15 0.861498
187.192 0.150522 0.849478 1.09192e-15 0.861443
187.192 0.150522 0.849478 1.09192e-15 0.861443
222.965 0.150852 0.849148 0 0.861383
222.965 0.150852 0.849148 0 0.861383
376.381 0.151074 0.848926 0 0.861201
376.381 0.151074 0.848926 0 0.861201
394.122 0.151414 0.848586 0 0.861179
459.096 0.151637 0.848363 0 0.861119
778.171 0.152052 0.847948 8.39909e-15 0.857611
817.469 0.152505 0.847495 3.00245e-15 0.856998
1064.84 0.152735 0.847265 0 0.85674
1093.82 0.152905 0.847095 0 0.856714
1508.69 0.154703 0.845297 0 0.854411
1564.87 0.155191 0.844809 1.04452e-14 0.854257
1672.28 0.155919 0.844081 3.84507e-15 0.852354
1795.92 0.156149 0.843851 0 0.852243
1813.02 0.156165 0.843835 4.44988e-15 0.852228
1850.97 0.156322 0.843678 0 0.852183
1885.4 0.156588 0.843412 1.35072e-14 0.852152
1909.72 0.15674 0.84326 7.88467e-15 0.852046
1914.45 0.156945 0.843055 0 0.851438
2770.28 0.175118 0.824882 6.18755e-14 0.812145
3798.1 0.202016 0.797984 0 0.547788
4304.63 0.214221 0.785779 8.57089e-14 0.520315
5208.23 0.250446 0.749554 0 0.39658
6178.99 0.289007 0.710993 0 0.255863
6357.55 0.300178 0.699822 0 0.246332
7051.95 0.350007 0.649993 0 0.207906
7741.51 0.400199 0.599801 0 0.0248492
8379.98 0.454016 0.545984 2.53994e-14 0.00955341
8398.94 0.457352 0.542648 0 0.00955286
8991.21 0.500116 0.499884 2.61187e-13 0.00462151
9660.17 0.550237 0.449763 8.56793e-15 0.00316366
10311.1 0.600188 0.399812 3.67169e-05 0.00109938
11085.9 0.648866 0.351134 0.000777627 0.000970957
11094.8 0.650095 0.349905 0.00617368 0.000970852
12095 0.700171 0.299829 0.0163553 8.28518e-15
13429.4 0.750298 0.249702 0.0313274 0
14294.1 0.774328 0.225672 0.0342662 0
15460.9 0.80007 0.19993 0.141815 9.3072e-16
17511.8 0.854328 0.145672 0.183047 5.80222e-17
18152.8 0.866062 0.133938 0.250437 0
21849.4 0.900178 0.0998219 0.57594 0
22781.3 0.906595 0.0934047 0.629083 0
28351.2 0.935689 0.0643106 0.808857 0
32205.2 0.95016 0.0498398 0.901429 0
35027.3 0.955829 0.044171 0.929121 0
43003.3 0.970061 0.0299388 0.958061 0
52683.5 0.980723 0.0192771 0.973965 0
64231.7 0.986707 0.0132934 0.98904 0
78173.3 0.998649 0.00135071 0.99679 0
95072.9 0.999719 0.000280854 0.999415 0
115600 0.999822 0.000177635 0.999606 0
138450 0.999881 0.000119016 0.999726 0
167650 0.999922 7.75632e-05 0.999815 0


