58.9239 8.1268e-05 0.999919 0 0.999831
58.9239 8.1268e-05 0.999919 0 0.999831
124.76 0.00074531 0.999255 0 0.999642
214.022 0.000776335 0.999224 0 0.999641
304.118 0.000820338 0.99918 0 0.999552
909.046 0.00167571 0.998324 0 0.996554
1290.13 0.00186977 0.99813 0 0.996523
1313.51 0.0018905 0.998109 0 0.996451
1418.94 0.0023031 0.997697 0 0.995619
1494.68 0.0027426 0.997257 0 0.994599
1895.88 0.00388914 0.996111 0 0.991285
1925.69 0.00398348 0.996017 0 0.991076
1935.07 0.00446268 0.995537 0 0.990939
2061.19 0.00452763 0.995472 0 0.990024
2181.18 0.00457181 0.995428 0 0.988717
2432.55 0.00461445 0.995386 0 0.986816
2564.17 0.00498745 0.995013 0 0.982808
2578.94 0.00501597 0.994984 0 0.982665
3050.82 0.00536269 0.994637 0 0.9794
3174.69 0.00543819 0.994562 0 0.978682
3470.57 0.00550287 0.994497 0 0.977196
4440.38 0.0107355 0.989264 0 0.938063
6176.92 0.0232445 0.976756 0 0.916974
8438.06 0.0469505 0.95305 0 0.819722
9293.01 0.0500792 0.949921 0 0.81588
11120.2 0.0677758 0.932224 0 0.739985
12985.9 0.100034 0.899966 0 0.618458
13573.5 0.150013 0.849987 0 0.418076
14310.8 0.18501 0.81499 0 0.328961
14429.6 0.200763 0.799237 0 0.30502
14584.5 0.250476 0.749524 0.00632259 0.250144
14584.5 0.306084 0.693916 0.00632274 0.207351
14584.5 0.353605 0.646395 0.00632274 0.194491
14696.1 0.404273 0.595727 0.00632463 0.168945
14887.2 0.450957 0.549043 0.0063271 0.142684
15446.5 0.50094 0.49906 0.00671118 0.096108
16043.7 0.550589 0.449411 0.0214764 0.0689862
16427.6 0.600308 0.399692 0.0278103 0.0558478
17289.7 0.65012 0.34988 0.035103 0.0379694
17731.9 0.700649 0.299351 0.0364956 0.0245256
18157.5 0.719555 0.280445 0.0766342 0.0209073
19203.3 0.75044 0.24956 0.10963 0.0137441
20652.7 0.800144 0.199856 0.187502 0.0073103
22383.1 0.850085 0.149915 0.247505 0.00377346
22793.7 0.861121 0.138879 0.262663 0.00286105
25529.6 0.900082 0.0999176 0.466787 0.00137511
28341.1 0.9262 0.0737999 0.561024 0.000770663
33199.4 0.950008 0.0499916 0.703618 0.000373329
35007.5 0.958616 0.0413836 0.74392 0.000234164
43019.9 0.976919 0.0230807 0.891492 5.69624e-05
52637.8 0.986853 0.0131473 0.963258 1.39332e-05
64143 0.992025 0.00797494 0.980707 4.09426e-06
77986.4 0.994948 0.005052 0.990203 1.50449e-06
200000 0.998666 0.00133395 0.998728 3.26652e-08

52.5395 0.111213 0.888787 0.000663402 0.879843
52.5395 0.111213 0.888787 0.000663402 0.879843
170.085 0.111619 0.888381 0.000663411 0.879593
170.085 0.111619 0.888381 0.000663411 0.879593
202.15 0.111905 0.888095 0.000663463 0.879576
202.15 0.111905 0.888095 0.000663463 0.879576
221.599 0.112154 0.887846 0.000663479 0.879511
307.205 0.112441 0.887559 0.000663786 0.87933
324.669 0.112493 0.887507 0.000663819 0.879313
395.09 0.112748 0.887252 0.000664529 0.879218
495.495 0.112835 0.887165 0.000665658 0.879133
502.314 0.112846 0.887154 0.000665689 0.879124
709.241 0.114025 0.885975 0.00066707 0.876457
768.863 0.114113 0.885887 0.000667543 0.876417
768.863 0.114195 0.885805 0.000667543 0.876417
771.801 0.11463 0.88537 0.000667664 0.873038
903.164 0.114736 0.885264 0.000668675 0.872949
1199.85 0.115261 0.884739 0.000670763 0.87269
1741.29 0.115904 0.884096 0.00067435 0.871488
1901.38 0.116203 0.883797 0.000675366 0.871208
1921.21 0.116455 0.883545 0.000675491 0.870582
1929.44 0.116675 0.883325 0.000675542 0.870222
3017.53 0.121039 0.878961 0.000682408 0.858497
4320.91 0.136441 0.863559 0.000697177 0.818436
5211.65 0.150055 0.849945 0.000722799 0.794234
6191.42 0.178555 0.821445 0.000852383 0.713944
7141.76 0.200014 0.799986 0.000894421 0.651689
8401.56 0.242794 0.757206 0.00209707 0.545922
8948.05 0.251361 0.748639 0.00238495 0.514343
10050.7 0.300615 0.699385 0.00446209 0.398194
11085.1 0.343773 0.656227 0.00791088 0.322344
11248.7 0.352606 0.647394 0.00816804 0.302745
11770 0.400034 0.599966 0.0103297 0.24535
12656.5 0.450744 0.549256 0.0137136 0.175026
13515.3 0.505418 0.494582 0.0198929 0.117138
14034.8 0.550178 0.449822 0.0316537 0.0989767
14291.6 0.581797 0.418203 0.0409459 0.0680832
14663.1 0.600306 0.399694 0.0464847 0.0581829
15631.6 0.650987 0.349013 0.0553771 0.0285811
16310.8 0.700506 0.299494 0.0878388 0.0160921
17366 0.750115 0.249885 0.127419 0.00612691
18155.6 0.779694 0.220306 0.15404 0.00319924
18776 0.800203 0.199797 0.17087 0.00181264
20425.3 0.850303 0.149697 0.280516 0.000966752
22668.8 0.900243 0.0997567 0.380951 3.48727e-05
22779.8 0.90091 0.0990898 0.388355 3.42398e-05
28134.4 0.950044 0.0499559 0.588636 0
28335.9 0.95319 0.0468095 0.59453 7.53853e-17
35057.9 0.976569 0.0234308 0.786125 5.20662e-17
43010.8 0.989285 0.0107148 0.912593 0
52626.6 0.99537 0.00463017 0.976074 1.37528e-18
64148.1 0.997904 0.00209631 0.988515 0
78006.7 0.999211 0.000788639 0.996381 3.34488e-21
94999.9 0.999685 0.000314618 0.999121 0
116821 0.9998 0.000199715 0.99948 0
139850 0.999865 0.000135308 0.999641 0
167151 0.999908 9.18631e-05 0.999759 1.44091e-22


