4.000000000000000000e+00
3.000000000000000000e+00
0.000000000000000000e+00
2.500000000000000000e-01
1.000000000000000000e+00
-5.107841804502535332e-01
-6.446413095435353569e+00
3.000000000000000000e+00
2.500000000000000000e-01
5.000000000000000000e-01
1.868322511784832773e+00
-7.457364274728915277e+00
7.446747093121969918e+00
3.000000000000000000e+00
5.000000000000000000e-01
7.500000000000000000e-01
1.194432930781339462e-02
-3.185154482083571437e-02
2.123436321389047393e-02
3.000000000000000000e+00
7.500000000000000000e-01
1.000000000000000000e+00
0.000000000000000000e+00
0.000000000000000000e+00
0.000000000000000000e+00
