4.000000000000000000e+00
3.000000000000000000e+00
0.000000000000000000e+00
2.500000000000000000e-01
1.000000000000000222e+00
-6.623329315277702634e+00
1.187012297439837383e+01
3.000000000000000000e+00
2.500000000000000000e-01
5.000000000000000000e-01
3.441423533245905331e-01
-1.376468141874426010e+00
1.376400627591819914e+00
3.000000000000000000e+00
5.000000000000000000e-01
7.500000000000000000e-01
7.595356794296553437e-05
-2.025428478355404890e-04
1.350285652294363169e-04
3.000000000000000000e+00
7.500000000000000000e-01
1.000000000000000000e+00
-8.878674395138322071e-14
2.491322428403869846e-13
-1.603454988890037892e-13
