4.000000000000000000e+00
3.000000000000000000e+00
2.500000000000000000e-01
0.000000000000000000e+00
1.445602896647339225e-20
-6.540214435049576582e-04
5.306371555989187680e-03
3.000000000000000000e+00
5.000000000000000000e-01
2.500000000000000000e-01
6.732947300412225021e-03
-5.451759984680275284e-02
1.130335283625847759e-01
3.000000000000000000e+00
7.500000000000000000e-01
5.000000000000000000e-01
2.633156136765394950e-01
-1.080848265351311621e+00
1.139364193867093533e+00
3.000000000000000000e+00
1.000000000000000000e+00
7.500000000000000000e-01
6.366831733945645944e+00
-1.735689125273560052e+01
1.199005951878995369e+01
