4.000000000000000000e+00
3.000000000000000000e+00
2.500000000000000000e-01
0.000000000000000000e+00
4.130293990420969043e-20
-2.464127669305325990e-03
1.316088461057021708e-02
3.000000000000000000e+00
5.000000000000000000e-01
2.500000000000000000e-01
6.992839017427639019e-03
-5.840683980872643510e-02
1.250463088894124275e-01
3.000000000000000000e+00
7.500000000000000000e-01
5.000000000000000000e-01
1.678411477716887257e+00
-6.744081394606562974e+00
6.810720863687248716e+00
3.000000000000000000e+00
1.000000000000000000e+00
7.500000000000000000e-01
-5.027047043461272402e+00
1.113714132853519700e+01
-5.110094285073924603e+00
