6.000000000000000000e+00
2.000000000000000000e+00
0.000000000000000000e+00
7.678756800000000233e-05
1.678264043470041070e+05
-2.274330510957194492e+06
3.000000000000000000e+00
7.678756800000000233e-05
1.250671891219999887e-01
1.678264561293207807e+05
-2.275679227110586129e+06
8.782125730246849358e+06
3.000000000000000000e+00
1.250671891219999887e-01
2.500575906759999745e-01
3.393349046327887481e+04
-1.345426651393636130e+05
2.221805639626852935e+05
3.000000000000000000e+00
2.500575906759999745e-01
5.000383937840000570e-01
2.167794346121909985e+04
-3.652086968873634760e+04
2.618212379208822676e+04
3.000000000000000000e+00
5.000383937840000570e-01
7.500191968920000285e-01
1.677409310263180487e+03
4.347512421726553293e+04
-5.380772788773847424e+04
3.000000000000000000e+00
7.500191968920000285e-01
1.000000000000000000e+00
7.959011126553779468e+04
-1.642867631534486427e+05
8.469665188791086257e+04
