6.000000000000000000e+00
2.000000000000000000e+00
0.000000000000000000e+00
6.876718200000001002e-02
3.949715254007241456e+05
-2.806967897453782149e+06
3.000000000000000000e+00
6.876718200000001002e-02
1.851712842499999567e-01
4.490465692831904162e+05
-4.379667034157282673e+06
1.143495407957461476e+07
3.000000000000000000e+00
1.851712842499999567e-01
3.015753864999999312e-01
7.424100847841620271e+04
-3.314630988349053659e+05
5.039829203075740952e+05
3.000000000000000000e+00
3.015753864999999312e-01
5.343835909999999911e-01
3.257397442636817505e+04
-5.513395582609390840e+04
4.584018821028545062e+04
3.000000000000000000e+00
5.343835909999999911e-01
7.671917955000000511e-01
2.122756362569254998e+04
-1.266853962780489383e+04
6.107104229522829883e+03
3.000000000000000000e+00
7.671917955000000511e-01
1.000000000000000000e+00
-1.380398085264673573e+05
4.025271730645107455e+05
-2.644873645380433882e+05
