4.000000000000000000e+00
3.000000000000000000e+00
2.500000000000000000e-01
0.000000000000000000e+00
0.000000000000000000e+00
-1.048243904392705955e-02
1.048576266674256657e-01
3.000000000000000000e+00
5.000000000000000000e-01
2.500000000000000000e-01
2.640565415526472878e-02
-2.217276722860447857e-01
5.273480931516610903e-01
3.000000000000000000e+00
7.500000000000000000e-01
5.000000000000000000e-01
5.436570694174966967e-01
-2.290733333334973754e+00
2.596353754200590114e+00
3.000000000000000000e+00
1.000000000000000000e+00
7.500000000000000000e-01
1.900159656869481184e+00
-5.908073566540268828e+00
5.007913909670786978e+00
