6.000000000000000000e+00
2.000000000000000000e+00
0.000000000000000000e+00
4.259574000000000021e-04
2.012671281465017237e+05
-2.945029429372323677e+06
3.000000000000000000e+00
4.259574000000000021e-04
1.253727127249999740e-01
2.012692430059832113e+05
-2.954959340116851032e+06
1.165599041656187922e+07
3.000000000000000000e+00
1.253727127249999740e-01
2.503194680499999381e-01
1.912289520020977579e+04
-4.928163965416458086e+04
6.783204737920797197e+04
3.000000000000000000e+00
2.503194680499999381e-01
5.002129787000000327e-01
1.634299886015694392e+04
-2.707085148248660698e+04
2.346716368737803714e+04
3.000000000000000000e+00
5.002129787000000327e-01
7.501064893500000164e-01
1.721928718447954088e+04
-3.057451236949508166e+04
2.696933279953713645e+04
3.000000000000000000e+00
7.501064893500000164e-01
1.000000000000000000e+00
-1.054469569279434800e+05
2.964890335510812583e+05
-1.910420766231377493e+05
