4.000000000000000000e+00
3.000000000000000000e+00
0.000000000000000000e+00
2.500000000000000000e-01
1.000000000000000000e+00
-2.966567599967437907e+00
1.775097660025858337e+00
3.000000000000000000e+00
2.500000000000000000e-01
5.000000000000000000e-01
1.100753240745235617e+00
-3.772593525929322844e+00
3.387149511949627989e+00
3.000000000000000000e+00
5.000000000000000000e-01
7.500000000000000000e-01
4.149217741592863273e-01
-1.029267659585526351e+00
6.438236456058312740e-01
3.000000000000000000e+00
7.500000000000000000e-01
1.000000000000000000e+00
1.496219325429644365e-01
-3.218014152753345125e-01
1.721794827323700483e-01
