4.000000000000000000e+00
3.000000000000000000e+00
0.000000000000000000e+00
2.500000000000000000e-01
1.000000000000000000e+00
-4.308269343571367038e+00
5.268413075966732251e+00
3.000000000000000000e+00
2.500000000000000000e-01
5.000000000000000000e-01
8.601072204549633504e-01
-3.189127107211073842e+00
3.030128603246146302e+00
3.000000000000000000e+00
5.000000000000000000e-01
7.500000000000000000e-01
1.766703621841920202e-01
-4.553796741279874105e-01
2.963811701630598150e-01
3.000000000000000000e+00
7.500000000000000000e-01
1.000000000000000000e+00
1.762363821081254153e-02
-3.125507686564216181e-02
1.363143865482962375e-02
