4.000000000000000000e+00
3.000000000000000000e+00
2.500000000000000000e-01
0.000000000000000000e+00
3.154042683594194805e-19
-1.242996953508352688e-02
6.289745222900329502e-02
3.000000000000000000e+00
5.000000000000000000e-01
2.500000000000000000e-01
6.550269017015682149e-02
-5.364514908963381457e-01
1.110940494951512481e+00
3.000000000000000000e+00
7.500000000000000000e-01
5.000000000000000000e-01
8.611745675950134293e-01
-3.719139000595764966e+00
4.293628004650939189e+00
3.000000000000000000e+00
1.000000000000000000e+00
7.500000000000000000e-01
-3.059797577256677670e+00
6.736786719008742708e+00
-2.676989141752065482e+00
