6.000000000000000000e+00
2.000000000000000000e+00
0.000000000000000000e+00
5.488619400000000002e-05
1.672603683759473788e+05
-2.441683151205285452e+06
3.000000000000000000e+00
5.488619400000000002e-05
1.250480254197499641e-01
1.672603974392979289e+05
-2.442742191682158969e+06
9.647603520054642111e+06
3.000000000000000000e+00
1.250480254197499641e-01
2.500411646454999692e-01
1.784764157264450841e+04
-5.305622318936448573e+04
9.253073713259561919e+04
3.000000000000000000e+00
2.500411646454999692e-01
5.000274430969999795e-01
1.160293931338827315e+04
-3.106829711616420354e+03
-7.351603338351735147e+03
3.000000000000000000e+00
5.000274430969999795e-01
7.500137215484999897e-01
3.593528042622855082e+03
2.892905704354985937e+04
-3.938573186212524161e+04
3.000000000000000000e+00
7.500137215484999897e-01
1.000000000000000000e+00
6.537089046139628044e+04
-1.358075621511659410e+05
7.043667168976966059e+04
