4.000000000000000000e+00
3.000000000000000000e+00
0.000000000000000000e+00
2.500000000000000000e-01
1.000000000000000000e+00
-6.115457202078329324e+00
1.053358295671366562e+01
3.000000000000000000e+00
2.500000000000000000e-01
5.000000000000000000e-01
4.397579972799199322e-01
-1.633521180317690336e+00
1.569710913192387647e+00
3.000000000000000000e+00
5.000000000000000000e-01
7.500000000000000000e-01
6.207088822194270494e-02
-1.227727440857813712e-01
5.896247696047859227e-02
3.000000000000000000e+00
7.500000000000000000e-01
1.000000000000000000e+00
7.772529835218350280e-02
-1.645178377664234803e-01
8.679253941423999141e-02
