4.000000000000000000e+00
3.000000000000000000e+00
0.000000000000000000e+00
2.500000000000000000e-01
1.000000000000000000e+00
-6.044238195728522278e+00
1.047753256656532805e+01
3.000000000000000000e+00
2.500000000000000000e-01
5.000000000000000000e-01
4.279526993438442228e-01
-1.467859790479275617e+00
1.324775756066835175e+00
3.000000000000000000e+00
5.000000000000000000e-01
7.500000000000000000e-01
1.526313061901062029e-01
-3.665742178643235927e-01
2.234901834518831232e-01
3.000000000000000000e+00
7.500000000000000000e-01
1.000000000000000000e+00
6.670586019111429676e-02
-1.374396952003451577e-01
7.073383500923084710e-02
