6.000000000000000000e+00
2.000000000000000000e+00
0.000000000000000000e+00
9.094446899999999827e-05
1.673611136650650587e+05
-2.287247791999397799e+06
3.000000000000000000e+00
9.094446899999999827e-05
1.250795764103750096e-01
1.673611879191513581e+05
-2.288880746419430710e+06
8.977755535813933238e+06
3.000000000000000000e+00
1.250795764103750096e-01
2.500682083517500320e-01
2.845479715396361644e+04
-6.779246403753012419e+04
9.905468742479757930e+04
3.000000000000000000e+00
2.500682083517500320e-01
5.000454722345000214e-01
2.344498605011620748e+04
-2.772490697485443525e+04
1.894143087217733773e+04
3.000000000000000000e+00
5.000454722345000214e-01
7.500227361172500107e-01
-2.906741537459815390e+03
7.767241807168924424e+04
-8.644630974225704267e+04
3.000000000000000000e+00
7.500227361172500107e-01
1.000000000000000000e+00
1.022444561352856836e+05
-2.027222756067897717e+05
1.004778194715040881e+05
