6.000000000000000000e+00
2.000000000000000000e+00
0.000000000000000000e+00
1.320610500000000010e-03
2.036806231320811785e+05
-2.759192667232959066e+06
3.000000000000000000e+00
1.320610500000000010e-03
1.261555341874999736e-01
2.036995035257382260e+05
-2.787786099826508202e+06
1.082583872896255739e+07
3.000000000000000000e+00
1.261555341874999736e-01
2.509904578749999615e-01
3.321673495830885804e+04
-8.504666527982310799e+04
1.139050355515709671e+05
3.000000000000000000e+00
2.509904578749999615e-01
5.006603052500000484e-01
2.936351754242838069e+04
-5.434257040304109250e+04
5.273917463252064772e+04
3.000000000000000000e+00
5.006603052500000484e-01
7.503301526250000242e-01
2.333494042491162327e+04
-3.026006554176018108e+04
2.868843143523887193e+04
3.000000000000000000e+00
7.503301526250000242e-01
1.000000000000000000e+00
-1.732261178912479663e+05
4.936721198528919485e+05
-3.204460019616440404e+05
