4.000000000000000000e+00
3.000000000000000000e+00
2.500000000000000000e-01
0.000000000000000000e+00
-7.304098846218134729e-19
-5.749336388019711530e-02
3.764684091613014760e-01
3.000000000000000000e+00
5.000000000000000000e-01
2.500000000000000000e-01
6.816091260919499017e-02
-6.027806647537570228e-01
1.467043010908421374e+00
3.000000000000000000e+00
7.500000000000000000e-01
5.000000000000000000e-01
4.094691457517294908e-01
-1.968013597323895469e+00
2.832275943478559821e+00
3.000000000000000000e+00
1.000000000000000000e+00
7.500000000000000000e-01
-2.054114281405814424e+00
4.601542208429554748e+00
-1.547427927023740546e+00
