4.000000000000000000e+00
3.000000000000000000e+00
2.500000000000000000e-01
0.000000000000000000e+00
8.673617379884035472e-19
-3.655680392513346172e-02
4.003770992528921102e-01
3.000000000000000000e+00
5.000000000000000000e-01
2.500000000000000000e-01
2.367574954085684483e-02
-2.259628002519881440e-01
7.791890919066014609e-01
3.000000000000000000e+00
7.500000000000000000e-01
5.000000000000000000e-01
-2.275986112794126104e-02
-4.022035757679587320e-02
5.934466492314092179e-01
3.000000000000000000e+00
1.000000000000000000e+00
7.500000000000000000e-01
4.203042264132010430e+00
-1.130902602493666720e+01
8.105983760804656768e+00
